[None, 71, 1, 3, 74, 5, 6, 5, 8, 9, 10, 11, 82, 83, 10, 3, 86, 87, 82, 89, 90, 82, 92, 93, 23, 95, 72, 97, 27, 27, 100, 79, 90, 14, 34, 34, 91, 37, 89, None, 40, 41, None, None, None, None, None, None, 48, None, 50, 51, 52, 53, 54, 54, 52, None, 58, 59, 60, 61, None, None, None, None, None, 67, 67, 69]
[None, 71, 1, 3, 74, 5, 6, 5, 8, 9, 10, 11, 82, 83, 10, 3, 86, 87, 82, 89, 90, 82, 92, 93, 23, 95, 72, 97, 27, 27, 100, 79, 90, 14, 34, 34, 91, 37, 89, None, 40, 41, None, None, None, None, None, None, 48, None, 50, 51, 52, 53, 54, 54, 52, None, 58, 59, 60, 61, 59, None, None, None, None, 67, 67, 69]
[None, 71, 1, 3, 74, 5, 6, 5, 8, 9, 10, 11, 82, 83, 10, 3, 86, 87, 82, 89, 90, 82, 92, 93, 23, 95, 72, 97, 27, 27, 100, 79, 90, 14, 34, 34, 91, 37, 89, None, 40, 41, 41, None, None, None, None, None, 48, None, 50, 51, 52, 53, 54, 54, 52, None, 58, 59, 60, 61, 59, None, None, None, None, 67, 67, 69]
[None, 71, 1, 3, 74, 5, 6, 5, 8, 9, 10, 11, 82, 83, 10, 3, 86, 87, 82, 89, 90, 82, 92, 93, Deleted, 95, 72, 97, 27, 27, 100, 79, 90, 14, 34, 34, 91, 37, 89, None, 40, 41, 41, None, None, None, None, None, 48, None, 50, 51, 52, 53, 54, 54, 52, None, 58, 59, 60, 61, 59, None, None, None, None, 67, 67, 69]
[None, 71, 1, 3, 74, 5, 6, 5, 8, 9, 10, 11, 82, 83, 10, 3, 86, 87, 82, 89, 90, 82, 92, 93, Deleted, 95, 72, 97, 27, 27, 100, 79, 90, 14, 34, 34, 91, 37, 89, None, 40, 41, 41, None, None, 45, None, None, 48, None, 50, 51, 52, 53, 54, 54, 52, None, 58, 59, 60, 61, 59, None, None, None, None, 67, 67, 69]
4
[None, 71, 1, 3, 74, 5, 6, 5, 8, 9, 10, 11, 82, 83, 10, 3, 86, 87, 82, 89, 90, 82, 92, 93, 71, 95, 72, 97, 27, 27, 100, 79, 90, 14, 34, 34, 91, 37, 89, None, 40, 41, 41, None, None, 45, None, None, 48, None, 50, 51, 52, 53, 54, 54, 52, None, 58, 59, 60, 61, 59, None, None, None, None, 67, 67, 69]
[None, Deleted, 1, 3, 74, 5, 6, 5, 8, 9, 10, 11, 82, 83, 10, 3, 86, 87, 82, 89, 90, 82, 92, 93, 71, 95, 72, 97, 27, 27, 100, 79, 90, 14, 34, 34, 91, 37, 89, None, 40, 41, 41, None, None, 45, None, None, 48, None, 50, 51, 52, 53, 54, 54, 52, None, 58, 59, 60, 61, 59, None, None, None, None, 67, 67, 69]
[None, Deleted, 1, 3, 74, 5, 6, 5, 8, 9, 10, 11, 82, 83, 10, 3, 86, 87, 82, 89, 90, 82, 92, 93, 71, 95, Deleted, 97, 27, 27, 100, 79, 90, 14, 34, 34, 91, 37, 89, None, 40, 41, 41, None, None, 45, None, None, 48, None, 50, 51, 52, 53, 54, 54, 52, None, 58, 59, 60, 61, 59, None, None, None, None, 67, 67, 69]
[None, Deleted, 1, 3, 74, 5, 6, 5, 8, 9, 10, 11, 82, 83, 10, 3, 86, 87, 82, 89, 90, 82, 92, 93, 71, 95, Deleted, 97, 27, 27, 100, 79, 90, 14, 34, 34, 91, 37, 89, 34, 40, 41, 41, None, None, 45, None, None, 48, None, 50, 51, 52, 53, 54, 54, 52, None, 58, 59, 60, 61, 59, None, None, None, None, 67, 67, 69]
[None, Deleted, 1, 3, 74, 5, 6, 5, 8, 9, 10, 11, 82, 83, 10, 3, 86, 87, 82, 89, 90, 82, 92, 93, 71, 95, 95, 97, 27, 27, 100, 79, 90, 14, 34, 34, 91, 37, 89, 34, 40, 41, 41, None, None, 45, None, None, 48, None, 50, 51, 52, 53, 54, 54, 52, None, 58, 59, 60, 61, 59, None, None, None, None, 67, 67, 69]
45
16
[None, Deleted, 1, 3, 74, 5, 6, 5, 8, 9, 10, 11, 82, 83, 10, 3, 86, 87, 82, 89, 90, 82, 92, 93, 71, 95, 95, 97, 27, 27, 100, 79, 90, 14, 34, 34, 91, 37, 89, 34, 40, 41, 41, 29, None, 45, None, None, 48, None, 50, 51, 52, 53, 54, 54, 52, None, 58, 59, 60, 61, 59, None, None, None, None, 67, 67, 69]
13
