[28, 73, 53, 72, 4, 5, 6, 5, 98, 3, 56, 55, 56, 36, 81, 3, 10, 17, 87, 86, 100, 67, 43]
[28, 73, Deleted, 72, 4, 5, 6, 5, 98, 3, 56, 55, 56, 36, 81, 3, 10, 17, 87, 86, 100, 67, 43]
8
13
6
[28, 73, Deleted, 72, 4, Deleted, 6, 5, 98, 3, 56, 55, 56, 36, 81, 3, 10, 17, 87, 86, 100, 67, 43]
14
10
[28, 73, Deleted, 72, 4, Deleted, 6, 5, 98, 3, 56, Deleted, 56, 36, 81, 3, 10, 17, 87, 86, 100, 67, 43]
0
[28, 73, Deleted, 72, 4, Deleted, 6, 5, 98, 3, 56, Deleted, 56, 36, Deleted, 3, 10, 17, 87, 86, 100, 67, 43]
10
