[90, 76, 25, 3, 94, None, None, None, 53, 54, 98, 86, 83, 53, 74]
[90, 76, 25, 3, Deleted, None, None, None, 53, 54, 98, 86, 83, 53, 74]
3
[90, 76, 25, 3, 78, None, None, None, 53, 54, 98, 86, 83, 53, 74]
[90, 76, 25, 3, 78, 17, None, None, 53, 54, 98, 86, 83, 53, 74]
[90, 76, Deleted, 3, 78, 17, None, None, 53, 54, 98, 86, 83, 53, 74]
3
10
4
[90, 76, 47, 3, 78, 17, None, None, 53, 54, 98, 86, 83, 53, 74]
0
[90, 76, 47, 3, 78, 17, 6, None, 53, 54, 98, 86, 83, 53, 74]
[90, 76, 47, 3, 78, 17, 6, 65, 53, 54, 98, 86, 83, 53, 74]
[90, 76, 47, Deleted, 78, 17, 6, 65, 53, 54, 98, 86, 83, 53, 74]
6
0
8
[90, 76, 47, Deleted, 78, 17, 6, 65, 53, 54, 98, 86, 83, 53, 74]
11
[90, Deleted, 47, Deleted, 78, 17, 6, 65, 53, 54, 98, 86, 83, 53, 74]
[90, Deleted, 47, 93, 78, 17, 6, 65, 53, 54, 98, 86, 83, 53, 74]
[90, Deleted, 47, 93, 78, 17, 6, 65, Deleted, 54, 98, 86, 83, 53, 74]
[90, Deleted, 47, 93, 78, 17, 6, 65, 63, 54, 98, 86, 83, 53, 74]
[90, 14, 47, 93, 78, 17, 6, 65, 63, 54, 98, 86, 83, 53, 74]
