[99, 28, None, 57, 58, 42, 61, 61, 35, 15, 64, 82, None, 94, 41, 69, 31, 71, 18, 62, 76, 10, 22, 30, 84, 25, 26]
[99, 28, 18, 57, 58, 42, 61, 61, 35, 15, 64, 82, None, 94, 41, 69, 31, 71, 18, 62, 76, 10, 22, 30, 84, 25, 26]
[99, 28, 18, 57, 58, 42, 61, 61, 35, 15, 64, 82, None, 94, 41, 69, 31, 71, 18, 62, 76, 10, 22, 30, 84, Deleted, 26]
[99, 28, 18, 57, 58, Deleted, 61, 61, 35, 15, 64, 82, None, 94, 41, 69, 31, 71, 18, 62, 76, 10, 22, 30, 84, Deleted, 26]
[99, 28, 18, 57, 58, Deleted, 61, 61, 35, 15, 64, 82, None, 94, 41, 69, 31, Deleted, 18, 62, 76, 10, 22, 30, 84, Deleted, 26]
[99, 28, 18, 57, 58, Deleted, 61, 61, 35, 15, 64, 82, None, 94, 41, 69, 31, Deleted, 18, 62, 76, 10, 22, 30, 84, 58, 26]
26
[99, 28, 18, 57, 58, Deleted, 61, 61, 35, 15, Deleted, 82, None, 94, 41, 69, 31, Deleted, 18, 62, 76, 10, 22, 30, 84, 58, 26]
[99, 28, 18, 57, Deleted, Deleted, 61, 61, 35, 15, Deleted, 82, None, 94, 41, 69, 31, Deleted, 18, 62, 76, 10, 22, 30, 84, 58, 26]
[99, 28, 18, 57, Deleted, Deleted, 61, 61, 35, 15, 99, 82, None, 94, 41, 69, 31, Deleted, 18, 62, 76, 10, 22, 30, 84, 58, 26]
[99, 28, 18, 57, Deleted, Deleted, 61, 61, 35, 15, 99, 82, None, 94, 41, Deleted, 31, Deleted, 18, 62, 76, 10, 22, 30, 84, 58, 26]
[99, 28, 18, 57, 28, Deleted, 61, 61, 35, 15, 99, 82, None, 94, 41, Deleted, 31, Deleted, 18, 62, 76, 10, 22, 30, 84, 58, 26]
[99, 28, 18, 57, 28, Deleted, 61, 61, 35, 15, 99, 82, None, 94, 41, Deleted, 31, Deleted, 18, 62, 76, 10, 22, Deleted, 84, 58, 26]
[99, 28, 18, 57, 28, 59, 61, 61, 35, 15, 99, 82, None, 94, 41, Deleted, 31, Deleted, 18, 62, 76, 10, 22, Deleted, 84, 58, 26]
None
[99, 28, 18, 57, 28, 59, 61, 61, 35, 15, 99, 82, None, 94, 41, Deleted, 31, Deleted, 18, 62, 76, 10, 22, Deleted, 84, 58, 26]
[99, 28, 18, 57, 28, 59, 61, 61, 35, 15, 99, Deleted, None, 94, 41, Deleted, 31, Deleted, 18, 62, 76, 10, 22, Deleted, 84, 58, 26]
[99, 28, 18, 57, 28, 59, 61, 61, 35, 15, 99, Deleted, None, 94, 41, 13, 31, Deleted, 18, 62, 76, 10, 22, Deleted, 84, 58, 26]
[99, 28, 18, 57, 28, 59, 61, 61, 35, 15, 99, Deleted, None, Deleted, 41, 13, 31, Deleted, 18, 62, 76, 10, 22, Deleted, 84, 58, 26]
[99, 28, 18, 57, 28, 59, 61, 61, Deleted, 15, 99, Deleted, None, Deleted, 41, 13, 31, Deleted, 18, 62, 76, 10, 22, Deleted, 84, 58, 26]
[99, 28, 18, 57, 28, 59, 61, 61, Deleted, 15, 99, Deleted, None, 37, 41, 13, 31, Deleted, 18, 62, 76, 10, 22, Deleted, 84, 58, 26]
26
[99, 28, 18, 57, 28, 59, 61, 61, Deleted, 15, 99, Deleted, None, 37, 41, 13, 31, Deleted, Deleted, 62, 76, 10, 22, Deleted, 84, 58, 26]
