[70, 20, 78, 60, 4, 86, 42, 26, 8, 85, 10, 9, 95, 89, 31, 85, 53, 93, None]
[70, 20, 78, 60, 4, 86, 42, 26, 8, 85, 10, 9, 95, 89, 31, 85, 53, 93, None]
[70, Deleted, 78, 60, 4, 86, 42, 26, 8, 85, 10, 9, 95, 89, 31, 85, 53, 93, None]
[70, Deleted, 78, 60, 4, 86, 42, 26, 8, 85, 10, 9, 95, 89, 31, 85, 53, 93, 99]
[70, Deleted, 78, 60, 4, 86, 42, 26, 8, 85, 10, 9, 95, 89, 31, 85, 53, 93, 99]
4
[70, Deleted, 78, 60, 4, 86, 42, Deleted, 8, 85, 10, 9, 95, 89, 31, 85, 53, 93, 99]
[70, 40, 78, 60, 4, 86, 42, Deleted, 8, 85, 10, 9, 95, 89, 31, 85, 53, 93, 99]
[70, 40, 78, 60, 4, 86, 42, Deleted, 8, 85, 10, 9, 95, 89, 31, 85, 53, 93, 99]
[Deleted, 40, 78, 60, 4, 86, 42, Deleted, 8, 85, 10, 9, 95, 89, 31, 85, 53, 93, 99]
13
13
