[99, 34, 99, 3, 70, None, 30, 7, 21, 42, None, 75, 78, None, 47, None, 80, 83, 18, 83, 47, 54, 49, 54, 66, 56, 83, 30, 16, 83, 63, 29, 32]
[99, 34, 99, 3, 70, None, 30, 7, 21, 42, None, 75, 78, None, 47, None, 80, Deleted, 18, 83, 47, 54, 49, 54, 66, 56, 83, 30, 16, 83, 63, 29, 32]
[99, 34, 99, 3, 70, 65, 30, 7, 21, 42, None, 75, 78, None, 47, None, 80, Deleted, 18, 83, 47, 54, 49, 54, 66, 56, 83, 30, 16, 83, 63, 29, 32]
1
11
[99, 34, 99, 3, 70, 65, 30, 7, 21, 42, None, 75, 78, None, 47, None, 80, 66, 18, 83, 47, 54, 49, 54, 66, 56, 83, 30, 16, 83, 63, 29, 32]
12
[99, 34, 99, 3, 70, 65, 30, 7, 21, 42, None, 75, 78, None, 47, None, 80, 66, 18, 83, 47, 54, 49, 54, 66, 56, 83, 30, 16, 83, 63, 29, 32]
[99, 34, 99, 3, 70, 65, 30, 7, 21, 42, None, 75, 78, None, 47, None, 80, 66, 18, 83, 47, 54, 49, 54, 66, 56, 83, 30, 16, 83, Deleted, 29, 32]
[99, 34, 99, 3, 70, 65, 30, 7, 21, 42, None, 75, 78, None, 47, None, 80, 66, 18, 83, 47, 54, 49, 54, 66, 56, 83, 30, 16, 83, Deleted, 29, 32]
11
28
[99, 34, 99, 3, 70, 65, 30, 7, 21, 42, None, 75, 78, None, 47, None, 80, 66, 18, 83, 47, 54, 49, 54, 66, 56, 83, 30, 16, 83, 96, 29, 32]
[99, 34, 99, 3, 70, 65, 30, 7, 21, 42, None, 75, 78, None, 47, None, 80, 66, 18, 83, 47, 54, 49, 54, 66, 56, 83, 30, 16, 83, 96, Deleted, 32]
[99, 34, 99, 3, 70, 65, 30, 7, 21, 42, None, 75, 78, 26, 47, None, 80, 66, 18, 83, 47, 54, 49, 54, 66, 56, 83, 30, 16, 83, 96, Deleted, 32]
13
None
[99, 34, 99, Deleted, 70, 65, 30, 7, 21, 42, None, 75, 78, 26, 47, None, 80, 66, 18, 83, 47, 54, 49, 54, 66, 56, 83, 30, 16, 83, 96, Deleted, 32]
[99, 34, 99, Deleted, 70, 65, 30, 7, Deleted, 42, None, 75, 78, 26, 47, None, 80, 66, 18, 83, 47, 54, 49, 54, 66, 56, 83, 30, 16, 83, 96, Deleted, 32]
[99, 34, 99, Deleted, 70, 65, 30, 7, Deleted, 42, 10, 75, 78, 26, 47, None, 80, 66, 18, 83, 47, 54, 49, 54, 66, 56, 83, 30, 16, 83, 96, Deleted, 32]
[99, 34, 99, Deleted, 70, 65, 30, 7, Deleted, 42, 10, 75, 78, 26, 47, None, 80, 66, 18, 83, 47, 54, 49, 54, 66, Deleted, 83, 30, 16, 83, 96, Deleted, 32]
7
[99, 34, 99, Deleted, 70, 65, 30, 7, Deleted, 42, 10, 75, 78, 26, 47, None, 80, 66, 18, 83, 47, 54, 49, 54, 66, 58, 83, 30, 16, 83, 96, Deleted, 32]
None
32
[99, 34, 99, Deleted, 70, 65, 30, 7, Deleted, 42, 10, 75, 78, 26, 47, None, 80, 66, Deleted, 83, 47, 54, 49, 54, 66, 58, 83, 30, 16, 83, 96, Deleted, 32]
[99, 34, 99, Deleted, 70, 65, 30, 7, Deleted, 42, 10, 75, 78, 26, 47, None, 80, 66, Deleted, 83, 47, 54, 49, 54, 66, 58, 83, 30, 16, 83, 96, Deleted, 32]
[99, 34, 99, 1, 70, 65, 30, 7, Deleted, 42, 10, 75, 78, 26, 47, None, 80, 66, Deleted, 83, 47, 54, 49, 54, 66, 58, 83, 30, 16, 83, 96, Deleted, 32]
24
