[69, 93, 25, 1, 50, 7, 27, 76, 29, 9, 31, None, 79, 53, 77, 38, None, 76, 58, 19, None, 67, None]
5
10
19
[69, 93, 25, 1, 50, 7, 27, 76, 29, 9, 31, None, 79, 53, 77, 38, None, 76, 58, 19, None, Deleted, None]
[69, 93, 25, 1, 50, Deleted, 27, 76, 29, 9, 31, None, 79, 53, 77, 38, None, 76, 58, 19, None, Deleted, None]
13
[69, 93, 25, 1, 50, Deleted, 27, 76, 29, 9, 31, None, 79, 53, 77, 38, None, 76, 58, 19, 18, Deleted, None]
[69, 93, 25, 1, 50, Deleted, 27, 76, 29, Deleted, 31, None, 79, 53, 77, 38, None, 76, 58, 19, 18, Deleted, None]
[69, 93, 25, 1, 50, Deleted, 27, 76, 29, Deleted, 31, None, 79, 53, 77, 38, 14, 76, 58, 19, 18, Deleted, None]
[69, 93, 25, 1, 50, Deleted, 27, 76, 29, Deleted, 31, None, 79, 53, 77, 38, 14, 76, 58, 19, 18, Deleted, 71]
[69, 93, 25, 1, 50, Deleted, 27, 76, 29, Deleted, 31, None, 79, 53, 77, 38, 14, 76, 58, Deleted, 18, Deleted, 71]
15
[69, 93, 25, 1, 50, Deleted, 27, 76, 29, 12, 31, None, 79, 53, 77, 38, 14, 76, 58, Deleted, 18, Deleted, 71]
22
[69, 93, Deleted, 1, 50, Deleted, 27, 76, 29, 12, 31, None, 79, 53, 77, 38, 14, 76, 58, Deleted, 18, Deleted, 71]
[69, 93, 75, 1, 50, Deleted, 27, 76, 29, 12, 31, None, 79, 53, 77, 38, 14, 76, 58, Deleted, 18, Deleted, 71]
[69, 93, 75, 1, 50, Deleted, 27, 76, 29, 12, 31, None, 79, 53, 77, 38, 14, 76, 58, Deleted, Deleted, Deleted, 71]
[69, Deleted, 75, 1, 50, Deleted, 27, 76, 29, 12, 31, None, 79, 53, 77, 38, 14, 76, 58, Deleted, Deleted, Deleted, 71]
[69, Deleted, 75, 1, 50, Deleted, 27, 76, 29, 12, 31, None, 79, 53, 77, 38, 14, 76, 58, Deleted, Deleted, 48, 71]
[69, Deleted, 75, 1, Deleted, Deleted, 27, 76, 29, 12, 31, None, 79, 53, 77, 38, 14, 76, 58, Deleted, Deleted, 48, 71]
None
[69, Deleted, 75, 1, Deleted, Deleted, 27, 76, 29, 12, 31, None, 79, 53, 77, 38, 14, 76, 58, Deleted, 10, 48, 71]
[69, Deleted, 75, 1, Deleted, Deleted, 27, 76, 29, 12, 31, 60, 79, 53, 77, 38, 14, 76, 58, Deleted, 10, 48, 71]
[69, Deleted, 75, 1, Deleted, Deleted, 27, 76, 29, 12, 31, 60, 79, 53, 77, Deleted, 14, 76, 58, Deleted, 10, 48, 71]
[69, Deleted, 75, 1, 20, Deleted, 27, 76, 29, 12, 31, 60, 79, 53, 77, Deleted, 14, 76, 58, Deleted, 10, 48, 71]
10
[69, Deleted, 75, 1, 20, 31, 27, 76, 29, 12, 31, 60, 79, 53, 77, Deleted, 14, 76, 58, Deleted, 10, 48, 71]
[69, 27, 75, 1, 20, 31, 27, 76, 29, 12, 31, 60, 79, 53, 77, Deleted, 14, 76, 58, Deleted, 10, 48, 71]
[69, 27, 75, 1, 20, 31, 27, Deleted, 29, 12, 31, 60, 79, 53, 77, Deleted, 14, 76, 58, Deleted, 10, 48, 71]
[69, 27, 75, 1, 20, 31, 27, 10, 29, 12, 31, 60, 79, 53, 77, Deleted, 14, 76, 58, Deleted, 10, 48, 71]
11
[69, 27, 75, 1, 20, 31, 27, 10, 29, 12, 31, 60, 79, 53, 77, 51, 14, 76, 58, Deleted, 10, 48, 71]
[69, 27, 75, 1, 20, 31, 27, 10, 29, 12, 31, 60, 79, 53, 77, 51, 14, 76, 58, 23, 10, 48, 71]
0
[69, 27, 75, 1, 20, 31, 27, 10, 29, 12, 31, 60, 79, 53, 77, 51, 14, 76, 58, 23, 10, Deleted, 71]
3
11
[69, 27, 75, 1, 20, 31, 27, 10, 29, 12, 31, 60, 79, Deleted, 77, 51, 14, 76, 58, 23, 10, Deleted, 71]
