[48, 65, 65, 51, 99, 32, None, 23, 72, 73, 10, 11, 10, 45, 72, 24]
7
[48, 65, 65, 51, 99, 32, 26, 23, 72, 73, 10, 11, 10, 45, 72, 24]
6
15
[48, 65, 65, 51, 99, 32, 26, 23, 72, 73, 10, 11, 10, Deleted, 72, 24]
[48, 65, 65, 51, 99, 32, 26, 23, 72, 73, 10, 11, 10, 61, 72, 24]
[48, 65, 65, 51, 99, 32, 26, 23, 72, 73, 10, 11, 10, 61, 72, Deleted]
[48, 65, 65, 51, 99, 32, 26, 23, 72, 73, 10, 11, 10, 61, 72, 35]
1
5
[48, 65, 65, 51, 99, 32, 26, 23, 72, 73, Deleted, 11, 10, 61, 72, 35]
[48, Deleted, 65, 51, 99, 32, 26, 23, 72, 73, Deleted, 11, 10, 61, 72, 35]
[Deleted, Deleted, 65, 51, 99, 32, 26, 23, 72, 73, Deleted, 11, 10, 61, 72, 35]
[15, Deleted, 65, 51, 99, 32, 26, 23, 72, 73, Deleted, 11, 10, 61, 72, 35]
[15, Deleted, 65, 51, 99, 32, 26, 23, 72, 73, Deleted, 11, 10, 61, 72, 35]
[15, Deleted, 65, 51, 99, 32, 26, 23, 72, 73, 86, 11, 10, 61, 72, 35]
11
[15, 95, 65, 51, 99, 32, 26, 23, 72, 73, 86, 11, 10, 61, 72, 35]
[15, 95, 65, 51, 99, Deleted, 26, 23, 72, 73, 86, 11, 10, 61, 72, 35]
[15, 95, 65, 51, 99, Deleted, 26, 23, Deleted, 73, 86, 11, 10, 61, 72, 35]
7
[15, 95, 65, 51, 99, 14, 26, 23, Deleted, 73, 86, 11, 10, 61, 72, 35]
[15, 95, 65, 51, 99, 14, 26, 23, 12, 73, 86, 11, 10, 61, 72, 35]
[15, 95, 65, 51, 99, 14, 26, 23, 12, 73, 86, 11, 10, 61, 72, 35]
10
7
10
[15, 95, 65, 51, 99, 14, 26, 23, 12, 73, Deleted, 11, 10, 61, 72, 35]
[15, 95, 65, 51, 99, 14, 26, 23, 12, 73, 35, 11, 10, 61, 72, 35]
[15, 95, 65, 51, 99, 14, 26, Deleted, 12, 73, 35, 11, 10, 61, 72, 35]
[15, 95, 65, 51, 99, 14, 26, 50, 12, 73, 35, 11, 10, 61, 72, 35]
