[None, 1, 2, 36, 37, 73, 5, 7, 8, 9, 35, None, None, 13, 47, 49, 16, None, None, None, 54, 89, 88, 57, None, 25, None, 27, 62, 96, None, None, 100, None]
[None, 1, 2, 36, 37, 73, 5, 7, 8, 9, 35, 2, None, 13, 47, 49, 16, None, None, None, 54, 89, 88, 57, None, 25, None, 27, 62, 96, None, None, 100, None]
[None, 1, 2, 36, 37, 73, 5, 7, 8, 9, 35, 2, None, 13, 47, 49, 16, None, None, None, 54, 89, 88, 57, None, 25, 26, 27, 62, 96, None, None, 100, None]
21
[None, 1, 2, 36, 37, 73, 5, 7, 8, 9, 35, 2, 36, 13, 47, 49, 16, None, None, None, 54, 89, 88, 57, None, 25, 26, 27, 62, 96, None, None, 100, None]
[None, 1, 2, 36, 37, 73, 5, 7, 8, 9, Deleted, 2, 36, 13, 47, 49, 16, None, None, None, 54, 89, 88, 57, None, 25, 26, 27, 62, 96, None, None, 100, None]
26
[None, 1, 2, 36, 37, 73, 5, 7, 8, 9, Deleted, 2, 36, 13, 47, 49, 16, 48, None, None, 54, 89, 88, 57, None, 25, 26, 27, 62, 96, None, None, 100, None]
[None, 1, 2, 36, 37, 73, 5, 7, 8, 9, 71, 2, 36, 13, 47, 49, 16, 48, None, None, 54, 89, 88, 57, None, 25, 26, 27, 62, 96, None, None, 100, None]
[None, 1, 2, 36, 37, 73, 5, 7, 8, 9, 71, 2, 36, 13, 47, 49, 16, 48, None, None, 54, 89, 88, 57, None, 25, 26, 27, 62, 96, None, None, 100, 100]
[None, 1, 2, 36, 37, 73, 5, 7, 8, 9, 71, 2, 36, 13, 47, 49, 16, 48, None, None, 54, 89, 88, Deleted, None, 25, 26, 27, 62, 96, None, None, 100, 100]
[None, 1, 2, 36, 37, 73, 5, 7, 8, 9, 71, 2, 36, 13, 47, 49, 16, 48, 43, None, 54, 89, 88, Deleted, None, 25, 26, 27, 62, 96, None, None, 100, 100]
32
[None, 1, 2, 36, 37, 73, 5, 7, 8, 9, 71, 2, 36, 13, 47, 49, 16, 48, 43, None, 54, 89, 88, Deleted, None, 25, 26, 27, 62, 96, None, None, Deleted, 100]
