[39, 61, 37, 43, 84, 4, 63, 18, 87, 40, 1, 31, 30, 53, 74, 74, 53, 97, 98, 38]
9
[39, 61, 37, 43, 84, 4, Deleted, 18, 87, 40, 1, 31, 30, 53, 74, 74, 53, 97, 98, 38]
10
[39, 61, 37, 43, 84, 4, Deleted, 18, 87, 40, 1, 31, 30, 53, 74, 74, 53, Deleted, 98, 38]
[39, 61, 37, 43, 84, 4, Deleted, Deleted, 87, 40, 1, 31, 30, 53, 74, 74, 53, Deleted, 98, 38]
5
13
14
[39, 61, 37, 43, 84, Deleted, Deleted, Deleted, 87, 40, 1, 31, 30, 53, 74, 74, 53, Deleted, 98, 38]
9
13
1
[39, 61, 37, 43, 84, Deleted, Deleted, Deleted, 87, 40, Deleted, 31, 30, 53, 74, 74, 53, Deleted, 98, 38]
[39, 61, 37, 43, 84, Deleted, Deleted, Deleted, 87, Deleted, Deleted, 31, 30, 53, 74, 74, 53, Deleted, 98, 38]
