[None, 61, 53, 43, None, 1, None, 98, 28, 39]
[None, 61, 53, 43, 32, 1, None, 98, 28, 39]
[None, 61, 53, 43, 32, 1, 66, 98, 28, 39]
6
5
[None, 61, 53, 43, 32, 1, 66, 98, 28, 39]
6
5
[None, 61, 53, Deleted, 32, 1, 66, 98, 28, 39]
4
[None, 61, 53, 17, 32, 1, 66, 98, 28, 39]
[None, Deleted, 53, 17, 32, 1, 66, 98, 28, 39]
[None, Deleted, Deleted, 17, 32, 1, 66, 98, 28, 39]
6
None
9
[None, Deleted, Deleted, 17, 32, 1, 66, 98, 28, 39]
[None, 79, Deleted, 17, 32, 1, 66, 98, 28, 39]
[None, 79, Deleted, Deleted, 32, 1, 66, 98, 28, 39]
[None, 79, Deleted, 97, 32, 1, 66, 98, 28, 39]
[None, 79, 82, 97, 32, 1, 66, 98, 28, 39]
[56, 79, 82, 97, 32, 1, 66, 98, 28, 39]
7
[56, 79, 82, 97, 32, 1, 66, 98, 28, Deleted]
[56, 79, Deleted, 97, 32, 1, 66, 98, 28, Deleted]
[56, 79, Deleted, 97, 32, 1, 66, 98, 28, Deleted]
7
[56, 79, Deleted, 97, 32, 1, Deleted, 98, 28, Deleted]
