[None, None, None, 45, 3, 47, 46, 91, 92, 51, 6, 11, 53, 46, 14, 96, 100, 59, 100, 58, 62, 63, 61, 58, 24, 25, 67, 26, 28, 28, 30, 17, 74, 70, 31, 26, 36, 36, 65, 77, None, 41]
[None, None, None, 45, 3, 47, 46, 91, 92, 51, 6, 11, 53, 46, 14, 96, 100, 59, 100, 58, 62, 63, 61, 58, 24, 25, 67, 26, 28, 28, 30, 17, 74, 70, 31, 26, 36, 36, 65, 77, 78, 41]
[None, None, None, 45, 3, 47, 46, 91, 92, 51, 6, 11, 53, 46, 14, 96, 100, 59, 100, 58, 62, Deleted, 61, 58, 24, 25, 67, 26, 28, 28, 30, 17, 74, 70, 31, 26, 36, 36, 65, 77, 78, 41]
28
[74, None, None, 45, 3, 47, 46, 91, 92, 51, 6, 11, 53, 46, 14, 96, 100, 59, 100, 58, 62, Deleted, 61, 58, 24, 25, 67, 26, 28, 28, 30, 17, 74, 70, 31, 26, 36, 36, 65, 77, 78, 41]
24
8
[74, None, None, 45, 3, 47, 46, 91, 92, 51, 6, 11, 53, 46, 14, 96, 100, 59, 100, 58, 62, Deleted, 61, 58, 24, 25, 67, 26, 28, 28, 30, 17, 74, 70, 31, 26, 36, 36, 65, 77, 78, 41]
[74, 28, None, 45, 3, 47, 46, 91, 92, 51, 6, 11, 53, 46, 14, 96, 100, 59, 100, 58, 62, Deleted, 61, 58, 24, 25, 67, 26, 28, 28, 30, 17, 74, 70, 31, 26, 36, 36, 65, 77, 78, 41]
[74, 28, None, 45, 3, 47, 46, 91, 92, 51, 6, 11, 53, 46, 14, 96, 100, 59, 100, 58, 62, 87, 61, 58, 24, 25, 67, 26, 28, 28, 30, 17, 74, 70, 31, 26, 36, 36, 65, 77, 78, 41]
[74, 28, 11, 45, 3, 47, 46, 91, 92, 51, 6, 11, 53, 46, 14, 96, 100, 59, 100, 58, 62, 87, 61, 58, 24, 25, 67, 26, 28, 28, 30, 17, 74, 70, 31, 26, 36, 36, 65, 77, 78, 41]
[74, 28, 11, 45, 3, 47, 46, 91, 92, 51, 6, 11, 53, 46, 14, 96, 100, 59, 100, 58, 62, 87, 61, 58, 24, 25, 67, 26, 28, 28, 30, 17, 74, 70, 31, 26, 36, 36, 65, 77, 78, 41]
[74, 28, 11, 45, 3, 47, 46, 91, 92, 51, 6, 11, 53, 46, 14, 96, 100, Deleted, 100, 58, 62, 87, 61, 58, 24, 25, 67, 26, 28, 28, 30, 17, 74, 70, 31, 26, 36, 36, 65, 77, 78, 41]
[74, 28, 11, 45, 3, 47, 46, 91, 92, 51, 6, 11, 53, 46, 14, 96, 100, 58, 100, 58, 62, 87, 61, 58, 24, 25, 67, 26, 28, 28, 30, 17, 74, 70, 31, 26, 36, 36, 65, 77, 78, 41]
[74, 28, 11, 45, 3, 47, 46, 91, 92, 51, 6, 11, 53, 46, 14, 96, 100, 58, 100, 58, 62, 87, 61, 58, 24, 25, 67, 26, 28, 28, 30, 17, 74, 70, 31, 26, 36, 36, Deleted, 77, 78, 41]
[74, 28, 11, 45, 3, 47, 46, 91, 92, 51, 6, 11, 53, 46, 14, 96, 100, 58, 100, 58, Deleted, 87, 61, 58, 24, 25, 67, 26, 28, 28, 30, 17, 74, 70, 31, 26, 36, 36, Deleted, 77, 78, 41]
[74, 28, 11, 45, 3, 47, 46, 91, 92, 51, 6, 11, 53, 46, 14, 96, 100, 58, 100, 58, 90, 87, 61, 58, 24, 25, 67, 26, 28, 28, 30, 17, 74, 70, 31, 26, 36, 36, Deleted, 77, 78, 41]
7
24
[74, 28, 11, 45, 3, 47, 46, 91, 92, 51, 6, 11, 53, 46, 14, 96, 100, 58, 100, 58, 90, 87, 61, 58, 24, 25, 67, 26, 28, 28, 30, 17, 74, 70, 31, 26, 36, 36, Deleted, 77, 78, 41]
