[[48, 96], [1, 97], None, [99, 51], [4, 52, 100, 4], 5, 6, None, [8, 8], [57, 9], 58, None, None, 61, None, [15, 15], 64, None, [66, 66], [67, 19, 19], 68, None, [70, 70], [71, 23], None, 25, 74, 27, 76, None, None, [79, 31], None, 33, 34, [35, 35], 36, [85, 85], None, None, 88, None, None, None, 44, None, 46, 47]
[[48, 96], [1, 97], None, [99, 51], [4, 52, 100, 4], 5, 6, None, 8, [57, 9], 58, None, None, 61, None, [15, 15], 64, None, [66, 66], [67, 19, 19], 68, None, [70, 70], [71, 23], None, 25, 74, 27, 76, None, None, [79, 31], None, 33, 34, [35, 35], 36, [85, 85], None, None, 88, None, None, None, 44, None, 46, 47]
3
[[48, 96], [1, 97], None, [99, 51], [4, 52, 100, 4], 5, 6, None, 8, [57, 9], 58, None, None, 61, None, [15, 15], 64, None, [66, 66], [19, 19], 68, None, [70, 70], [71, 23], None, 25, 74, 27, 76, None, None, [79, 31], None, 33, 34, [35, 35], 36, [85, 85], None, None, 88, None, None, None, 44, None, 46, 47]
[[48, 96], [1, 97], None, [99, 51], [4, 52, 100, 4], 5, 6, None, 8, [57, 9], 58, None, None, 61, None, [15, 15], None, None, [66, 66], [19, 19], 68, None, [70, 70], [71, 23], None, 25, 74, 27, 76, None, None, [79, 31], None, 33, 34, [35, 35], 36, [85, 85], None, None, 88, None, None, None, 44, None, 46, 47]
[[48, 96], [1, 97], None, [99, 51], [4, 52, 100, 4], 5, 6, None, 8, 9, 58, None, None, 61, None, [15, 15], None, None, [66, 66], [19, 19], 68, None, [70, 70], [71, 23], None, 25, 74, 27, 76, None, None, [79, 31], None, 33, 34, [35, 35], 36, [85, 85], None, None, 88, None, None, None, 44, None, 46, 47]
[[48, 96], [1, 97], None, [99, 51], [4, 52, 100, 4], 5, 6, None, 8, 9, 58, None, None, 61, None, [15, 15], None, None, [66, 66], [19, 19], None, None, [70, 70], [71, 23], None, 25, 74, 27, 76, None, None, [79, 31], None, 33, 34, [35, 35], 36, [85, 85], None, None, 88, None, None, None, 44, None, 46, 47]
[[48, 96], [1, 97], None, 51, [4, 52, 100, 4], 5, 6, None, 8, 9, 58, None, None, 61, None, [15, 15], None, None, [66, 66], [19, 19], None, None, [70, 70], [71, 23], None, 25, 74, 27, 76, None, None, [79, 31], None, 33, 34, [35, 35], 36, [85, 85], None, None, 88, None, None, None, 44, None, 46, 47]
0
5
47
0
[[48, 96], 1, None, 51, [4, 52, 100, 4], 5, 6, None, 8, 9, 58, None, None, 61, None, [15, 15], None, None, [66, 66], [19, 19], None, None, [70, 70], [71, 23], None, 25, 74, 27, 76, None, None, [79, 31], None, 33, 34, [35, 35], 36, [85, 85], None, None, 88, None, None, None, 44, None, 46, 47]
[[48, 96], 1, None, 51, [4, 52, 100, 4], 5, 6, None, 8, None, 58, None, None, 61, None, [15, 15], None, None, [66, 66], [19, 19], None, None, [70, 70], [71, 23], None, 25, 74, 27, 76, None, None, [79, 31], None, 33, 34, [35, 35], 36, [85, 85], None, None, 88, None, None, None, 44, None, 46, 47]
40
6
