[None, 53, None, 67, 4, 69, 68, 91, None, 9, 10, 11, 74, 77, 78, 27, 14, None, 18, 51, 18, 85, 74, 55, 24, 57, None, 85, 22, 87, 30, None]
[None, 53, None, 67, 4, 69, 68, 91, None, 9, 10, 11, 74, 77, 78, 27, 14, None, 18, 51, 18, Deleted, 74, 55, 24, 57, None, 85, 22, 87, 30, None]
[None, 53, None, 67, 4, 69, 68, 91, None, 9, 10, 11, 74, 77, 78, 27, 14, None, 18, 51, 18, Deleted, 74, 55, 24, 57, 90, 85, 22, 87, 30, None]
[None, 53, 34, 67, 4, 69, 68, 91, None, 9, 10, 11, 74, 77, 78, 27, 14, None, 18, 51, 18, Deleted, 74, 55, 24, 57, 90, 85, 22, 87, 30, None]
[None, 53, 34, 67, 4, 69, 68, 91, None, 9, 10, 11, 74, 77, 78, 27, 14, None, 18, 51, 18, Deleted, 74, 55, 24, Deleted, 90, 85, 22, 87, 30, None]
12
3
2
[None, 53, 34, 67, Deleted, 69, 68, 91, None, 9, 10, 11, 74, 77, 78, 27, 14, None, 18, 51, 18, Deleted, 74, 55, 24, Deleted, 90, 85, 22, 87, 30, None]
[None, 53, 34, 67, Deleted, 69, 68, 91, None, 9, 10, 11, 74, 77, 78, 27, 14, None, 18, 51, 18, Deleted, 74, Deleted, 24, Deleted, 90, 85, 22, 87, 30, None]
[None, 53, 34, 67, Deleted, 69, 68, 91, None, 9, 10, 11, 74, 77, 78, 27, 14, 43, 18, 51, 18, Deleted, 74, Deleted, 24, Deleted, 90, 85, 22, 87, 30, None]
[64, 53, 34, 67, Deleted, 69, 68, 91, None, 9, 10, 11, 74, 77, 78, 27, 14, 43, 18, 51, 18, Deleted, 74, Deleted, 24, Deleted, 90, 85, 22, 87, 30, None]
[64, 53, 34, 67, 58, 69, 68, 91, None, 9, 10, 11, 74, 77, 78, 27, 14, 43, 18, 51, 18, Deleted, 74, Deleted, 24, Deleted, 90, 85, 22, 87, 30, None]
6
[64, 53, 34, 67, 58, 69, 68, 91, None, 9, 10, 11, 74, 77, 78, Deleted, 14, 43, 18, 51, 18, Deleted, 74, Deleted, 24, Deleted, 90, 85, 22, 87, 30, None]
