[98, 1, 2, 66, 42, 77, 84, 49, 65, 22, 66, None, 12, 12, 77, 77, 79, 98, 60, 18, 34]
[98, 1, 2, 66, 42, 77, 84, 49, 65, 22, 66, 83, 12, 12, 77, 77, 79, 98, 60, 18, 34]
20
[98, 1, 2, 66, Deleted, 77, 84, 49, 65, 22, 66, 83, 12, 12, 77, 77, 79, 98, 60, 18, 34]
2
[98, 1, 2, 66, Deleted, 77, 84, Deleted, 65, 22, 66, 83, 12, 12, 77, 77, 79, 98, 60, 18, 34]
[98, Deleted, 2, 66, Deleted, 77, 84, Deleted, 65, 22, 66, 83, 12, 12, 77, 77, 79, 98, 60, 18, 34]
[98, 77, 2, 66, Deleted, 77, 84, Deleted, 65, 22, 66, 83, 12, 12, 77, 77, 79, 98, 60, 18, 34]
[98, 77, 2, 66, 11, 77, 84, Deleted, 65, 22, 66, 83, 12, 12, 77, 77, 79, 98, 60, 18, 34]
14
17
[98, 77, 2, 66, 11, 77, 84, Deleted, 65, 22, 66, 83, 12, 12, 77, 77, 79, 98, 60, 18, 34]
[98, 77, 2, 66, 11, 77, 84, Deleted, 65, 22, 66, 83, 12, 12, 77, 77, 79, 98, 60, 18, Deleted]
14
None
[98, 77, 2, 66, 11, 77, 84, Deleted, 65, 22, 66, 83, 12, 12, 77, 77, 79, 98, 60, 18, Deleted]
16
[98, 77, Deleted, 66, 11, 77, 84, Deleted, 65, 22, 66, 83, 12, 12, 77, 77, 79, 98, 60, 18, Deleted]
[98, 77, 23, 66, 11, 77, 84, Deleted, 65, 22, 66, 83, 12, 12, 77, 77, 79, 98, 60, 18, Deleted]
18
[98, 77, 23, 66, 11, 77, 84, Deleted, 65, 22, 66, 83, 12, 12, 77, 77, 79, 98, 60, 18, 80]
[98, 77, 23, 66, 11, 77, 84, 43, 65, 22, 66, 83, 12, 12, 77, 77, 79, 98, 60, 18, 80]
12
[98, 77, 23, 66, 11, 77, 84, 43, 65, 22, 66, 83, 12, 12, 77, 77, 79, 98, Deleted, 18, 80]
[98, 77, 23, 66, 11, 77, 84, 43, 65, 22, 66, 83, 12, 12, 77, 77, 79, 98, 5, 18, 80]
18
16
2
11
7
20
[98, 77, 23, 66, 11, 77, 84, 43, 65, 22, 66, 83, 12, 12, 77, 77, 79, 98, 5, 18, Deleted]
[98, 77, 23, 66, 11, 77, 84, 43, 65, 22, 66, 83, 12, 12, 77, 77, 79, 98, 5, 18, 34]
[98, 77, Deleted, 66, 11, 77, 84, 43, 65, 22, 66, 83, 12, 12, 77, 77, 79, 98, 5, 18, 34]
[98, 77, Deleted, 66, 11, 77, 84, 43, 65, 22, 66, 83, 12, 12, 77, 77, 79, 98, 5, Deleted, 34]
[98, 77, Deleted, 66, 11, 77, 84, 43, 65, 22, 66, 83, 12, 12, 77, 77, 79, 98, 5, Deleted, 34]
18
[98, 77, Deleted, 66, 11, 77, 84, 43, 65, 22, 66, 83, 12, 12, 77, 77, 79, 98, 5, 13, 34]
18
None
[98, 77, Deleted, 66, 11, 77, 84, 43, 65, 22, 66, 83, 12, 12, 77, 77, 79, 98, 5, 13, 34]
[98, 77, Deleted, 66, 11, 77, 84, 43, 65, 22, 66, 83, Deleted, 12, 77, 77, 79, 98, 5, 13, 34]
14
[98, 77, 20, 66, 11, 77, 84, 43, 65, 22, 66, 83, Deleted, 12, 77, 77, 79, 98, 5, 13, 34]
[98, 77, 20, 66, 11, 77, 84, 43, 65, 22, 66, 83, 45, 12, 77, 77, 79, 98, 5, 13, 34]
[98, 77, 20, 66, 11, 77, 84, 43, 65, 22, 66, 83, 45, 12, 77, 77, 79, 98, Deleted, 13, 34]
[98, 77, 20, 66, 11, 77, 84, 43, 65, 22, 66, 83, 45, 12, 77, 77, 79, 98, 23, 13, 34]
3
[98, 77, 20, 66, 11, 77, 84, 43, 65, 22, 66, 83, 45, 12, 77, 77, 79, 98, 23, 13, 34]
[98, 77, 20, 66, 11, 77, 84, 43, 65, 22, 66, 83, 45, 12, 77, 77, 79, 98, 23, 13, 34]
[98, 77, 20, 66, 11, 77, 84, 43, 65, 22, 66, 83, 45, 12, Deleted, 77, 79, 98, 23, 13, 34]
[98, 77, 20, 66, 11, 77, 84, 43, 65, 22, 66, 83, 45, 12, 5, 77, 79, 98, 23, 13, 34]
11
