[11, 1, None, 57, None, 5, 33, 34, 35, 33, 64, 34, 89, 13, 14, 96, 38, 98, 64, 32, 20, 47, 22, 50, 49, 20, 80]
[11, 1, 15, 57, None, 5, 33, 34, 35, 33, 64, 34, 89, 13, 14, 96, 38, 98, 64, 32, 20, 47, 22, 50, 49, 20, 80]
26
[11, 1, 15, 57, None, 5, 33, 34, 35, 33, 64, 34, 89, 13, 14, Deleted, 38, 98, 64, 32, 20, 47, 22, 50, 49, 20, 80]
[11, Deleted, 15, 57, None, 5, 33, 34, 35, 33, 64, 34, 89, 13, 14, Deleted, 38, 98, 64, 32, 20, 47, 22, 50, 49, 20, 80]
[11, Deleted, 15, 57, None, 5, 33, Deleted, 35, 33, 64, 34, 89, 13, 14, Deleted, 38, 98, 64, 32, 20, 47, 22, 50, 49, 20, 80]
2
[11, Deleted, 15, 57, None, 5, 33, 61, 35, 33, 64, 34, 89, 13, 14, Deleted, 38, 98, 64, 32, 20, 47, 22, 50, 49, 20, 80]
23
[11, Deleted, 15, 57, None, 5, 33, 61, 35, 33, Deleted, 34, 89, 13, 14, Deleted, 38, 98, 64, 32, 20, 47, 22, 50, 49, 20, 80]
[11, Deleted, 15, 57, None, 5, 33, 61, 35, 33, 8, 34, 89, 13, 14, Deleted, 38, 98, 64, 32, 20, 47, 22, 50, 49, 20, 80]
23
[11, Deleted, 15, 57, None, 5, 33, 61, 35, 33, 8, 34, 89, 13, 14, 42, 38, 98, 64, 32, 20, 47, 22, 50, 49, 20, 80]
23
[11, Deleted, 15, 57, None, 5, 33, 61, 35, 33, 8, 34, 89, 13, 14, Deleted, 38, 98, 64, 32, 20, 47, 22, 50, 49, 20, 80]
[11, Deleted, 15, 57, None, 5, 33, 61, 35, 33, Deleted, 34, 89, 13, 14, Deleted, 38, 98, 64, 32, 20, 47, 22, 50, 49, 20, 80]
[11, 47, 15, 57, None, 5, 33, 61, 35, 33, Deleted, 34, 89, 13, 14, Deleted, 38, 98, 64, 32, 20, 47, 22, 50, 49, 20, 80]
8
[11, 47, 15, 57, 100, 5, 33, 61, 35, 33, Deleted, 34, 89, 13, 14, Deleted, 38, 98, 64, 32, 20, 47, 22, 50, 49, 20, 80]
21
0
[11, 47, 15, 57, 100, 5, 33, Deleted, 35, 33, Deleted, 34, 89, 13, 14, Deleted, 38, 98, 64, 32, 20, 47, 22, 50, 49, 20, 80]
0
8
20
26
