[25, 48, 77, 3, 29, 5, 54, 7, 56, 84, 35, 36, 71, 13, 89, 37, None, None, None, 44, 69, 21, 44, 23, 99]
[25, 48, 77, 3, 29, 5, 54, 7, Deleted, 84, 35, 36, 71, 13, 89, 37, None, None, None, 44, 69, 21, 44, 23, 99]
[25, 48, 77, 3, 29, 5, 54, 7, Deleted, 84, Deleted, 36, 71, 13, 89, 37, None, None, None, 44, 69, 21, 44, 23, 99]
9
[25, 48, 77, 3, 29, 5, 54, 7, Deleted, 84, Deleted, 36, 71, 13, Deleted, 37, None, None, None, 44, 69, 21, 44, 23, 99]
[25, 48, 77, 3, 29, 5, 54, 7, Deleted, 84, Deleted, 36, 71, 13, Deleted, 37, None, None, None, 44, 69, Deleted, 44, 23, 99]
[25, 48, Deleted, 3, 29, 5, 54, 7, Deleted, 84, Deleted, 36, 71, 13, Deleted, 37, None, None, None, 44, 69, Deleted, 44, 23, 99]
[25, 48, Deleted, 3, 29, 5, 54, 7, Deleted, 84, 60, 36, 71, 13, Deleted, 37, None, None, None, 44, 69, Deleted, 44, 23, 99]
None
[25, 48, Deleted, 3, 29, 5, 54, 7, 80, 84, 60, 36, 71, 13, Deleted, 37, None, None, None, 44, 69, Deleted, 44, 23, 99]
[25, 48, Deleted, 3, 29, 5, 54, 7, 80, 84, 60, 36, 71, 13, Deleted, 37, None, None, None, 44, 69, Deleted, 44, 23, Deleted]
[25, 48, Deleted, 3, 29, 5, 54, 7, 80, 84, 60, 36, 71, 13, Deleted, 37, None, None, None, 44, 69, Deleted, 44, 23, Deleted]
13
19
3
[25, 48, Deleted, 3, 29, 5, 54, 7, 80, 84, 60, 36, 71, 13, Deleted, 37, None, None, None, 44, 69, Deleted, 44, 23, 98]
24
9
[25, 48, Deleted, 3, 29, 5, 54, 7, 80, 84, 60, 36, 71, 13, Deleted, 37, None, None, None, 44, 69, 20, 44, 23, 98]
[25, 48, Deleted, 3, 29, 5, 54, 7, 80, 84, 60, 36, 71, 13, 7, 37, None, None, None, 44, 69, 20, 44, 23, 98]
[25, 48, 72, 3, 29, 5, 54, 7, 80, 84, 60, 36, 71, 13, 7, 37, None, None, None, 44, 69, 20, 44, 23, 98]
21
12
[25, 48, 72, 3, 29, 5, 54, 7, 80, 84, 60, 36, 71, 13, 7, 37, 1, None, None, 44, 69, 20, 44, 23, 98]
[25, 48, 72, 3, 29, 5, 54, 7, 80, 84, 60, 36, 71, 13, 7, 37, 1, 87, None, 44, 69, 20, 44, 23, 98]
23
[25, 48, 72, 3, 29, 5, 54, 7, 80, 84, 60, 36, 71, 13, 7, 37, 1, 87, None, Deleted, 69, 20, 44, 23, 98]
[25, 48, 72, 3, 29, 5, 54, 7, 80, 84, 60, Deleted, 71, 13, 7, 37, 1, 87, None, Deleted, 69, 20, 44, 23, 98]
[25, 48, 72, 3, 29, 5, 54, 7, 80, 84, 60, Deleted, 71, Deleted, 7, 37, 1, 87, None, Deleted, 69, 20, 44, 23, 98]
[25, 48, 72, Deleted, 29, 5, 54, 7, 80, 84, 60, Deleted, 71, Deleted, 7, 37, 1, 87, None, Deleted, 69, 20, 44, 23, 98]
[25, 48, 72, Deleted, 29, 5, 54, 7, 80, 84, 60, Deleted, 71, Deleted, 7, 37, 1, 87, None, Deleted, 69, 20, 44, 23, 98]
None
[25, 48, 72, 50, 29, 5, 54, 7, 80, 84, 60, Deleted, 71, Deleted, 7, 37, 1, 87, None, Deleted, 69, 20, 44, 23, 98]
[25, 48, 72, 50, 29, 5, 54, 7, 80, 84, 60, Deleted, 71, Deleted, 7, 37, 1, 87, None, Deleted, 69, Deleted, 44, 23, 98]
[25, 48, 72, 50, 29, 5, 54, 7, 80, 84, 60, Deleted, 71, Deleted, 7, 37, 1, 87, None, Deleted, 69, Deleted, 44, Deleted, 98]
[25, 48, 72, 50, 29, 5, 54, 7, 80, 84, 60, Deleted, 71, Deleted, 7, 37, 1, 87, None, Deleted, 69, Deleted, 44, 72, 98]
None
[25, 48, 72, 50, 29, 5, 54, 7, 80, 84, 60, 10, 71, Deleted, 7, 37, 1, 87, None, Deleted, 69, Deleted, 44, 72, 98]
[25, 48, 72, 50, 29, 5, 54, 7, 80, 84, 60, 10, 71, Deleted, 7, 37, 1, 87, None, 44, 69, Deleted, 44, 72, 98]
11
[25, 48, 72, 50, 29, 5, 54, 7, 80, 84, 60, 10, 71, 81, 7, 37, 1, 87, None, 44, 69, Deleted, 44, 72, 98]
[25, 48, 72, 50, 29, 5, 54, 7, 80, 84, 60, 10, 71, Deleted, 7, 37, 1, 87, None, 44, 69, Deleted, 44, 72, 98]
[25, 48, 72, 50, 29, 5, 54, 7, Deleted, 84, 60, 10, 71, Deleted, 7, 37, 1, 87, None, 44, 69, Deleted, 44, 72, 98]
None
[25, 48, 72, 50, 29, Deleted, 54, 7, Deleted, 84, 60, 10, 71, Deleted, 7, 37, 1, 87, None, 44, 69, Deleted, 44, 72, 98]
[25, 48, 72, 50, 29, Deleted, 54, 7, Deleted, 84, 60, 10, 71, 84, 7, 37, 1, 87, None, 44, 69, Deleted, 44, 72, 98]
24
[25, 48, 72, 50, 29, Deleted, 54, 7, Deleted, 84, 60, 10, 71, 84, 7, 37, 1, 87, None, 44, 69, 44, 44, 72, 98]
23
[25, 48, 72, 50, 29, Deleted, 54, 7, Deleted, 84, 60, 10, 71, 84, 7, 37, 1, 87, None, 44, Deleted, 44, 44, 72, 98]
15
[25, 48, 72, 50, 29, Deleted, 54, 7, Deleted, 84, 60, 10, 71, 84, 7, 37, 1, 87, 11, 44, Deleted, 44, 44, 72, 98]
[25, 48, 72, 50, 29, Deleted, 54, 7, Deleted, 84, 60, 10, 71, 84, 7, 37, 1, 87, 11, 44, 66, 44, 44, 72, 98]
7
[25, 48, 72, 50, 29, 59, 54, 7, Deleted, 84, 60, 10, 71, 84, 7, 37, 1, 87, 11, 44, 66, 44, 44, 72, 98]
[25, 48, 72, 50, 29, 59, 54, 7, 13, 84, 60, 10, 71, 84, 7, 37, 1, 87, 11, 44, 66, 44, 44, 72, 98]
7
16
19
3
[25, 48, 72, 50, 29, 59, 54, 7, 13, 84, 60, 10, 71, 84, 7, 37, 1, Deleted, 11, 44, 66, 44, 44, 72, 98]
19
[25, 48, 72, 50, 29, 59, 54, 7, 13, 84, Deleted, 10, 71, 84, 7, 37, 1, Deleted, 11, 44, 66, 44, 44, 72, 98]
