[98, 61, 2, 69, 4, 5, 6, 34, 24, 4, 10, 11, 71, 69, 14, 15, None, 8, 69, 85, 86, 87, 22, 23, 24, 91, 26, 93, 52, 9, None, 25, 98, 71, 100, 50, None, 37, 38, 3, 91, 20, 86, None, 8, 45, 88, 25, 89, 49, 38, 12, 52, 2, 54, None, 50, 57, 84, 59, None, 61, 42, 63, 75, None]
51
[98, 61, 2, 69, 4, 5, 6, 34, 24, 4, 10, 11, 71, 69, 14, 15, None, 8, 69, 85, 86, 87, 22, 23, 24, 91, 26, 93, 52, 9, None, 25, 98, 71, 100, 50, None, 37, 38, 3, 91, 20, 86, None, 8, 45, Deleted, 25, 89, 49, 38, 12, 52, 2, 54, None, 50, 57, 84, 59, None, 61, 42, 63, 75, None]
[98, 61, 2, 69, 4, 5, 6, 34, 24, 4, 10, 11, 71, 69, 14, 15, None, 8, 69, 85, 86, 87, 22, 23, 24, 91, 26, 93, 52, 9, None, 25, 98, 71, 100, 50, None, 37, 38, 3, 91, 20, 86, None, 8, 45, Deleted, 25, 89, 49, 38, 12, 52, 2, 54, 13, 50, 57, 84, 59, None, 61, 42, 63, 75, None]
[98, 61, 2, 69, 4, 5, 6, 34, 24, 4, 10, 11, 71, 69, 14, 15, 70, 8, 69, 85, 86, 87, 22, 23, 24, 91, 26, 93, 52, 9, None, 25, 98, 71, 100, 50, None, 37, 38, 3, 91, 20, 86, None, 8, 45, Deleted, 25, 89, 49, 38, 12, 52, 2, 54, 13, 50, 57, 84, 59, None, 61, 42, 63, 75, None]
[98, 61, 2, 69, 4, 5, 6, 34, 24, 4, 10, 11, 71, 69, 14, 15, 70, 8, 69, 85, 86, 87, 22, 23, 24, 91, 26, 93, 52, 9, None, 25, 98, 71, 100, 50, None, 37, 38, 3, 91, 20, 86, 67, 8, 45, Deleted, 25, 89, 49, 38, 12, 52, 2, 54, 13, 50, 57, 84, 59, None, 61, 42, 63, 75, None]
[98, 61, 2, 69, 4, 5, 6, 34, 24, 4, 10, 11, 71, 69, 14, 15, 70, 8, 69, 85, 86, 87, 22, 23, 24, 91, 26, 93, 52, 9, None, 25, 98, 71, 100, 50, None, 37, 38, Deleted, 91, 20, 86, 67, 8, 45, Deleted, 25, 89, 49, 38, 12, 52, 2, 54, 13, 50, 57, 84, 59, None, 61, 42, 63, 75, None]
[98, 61, 2, 69, 4, 5, 6, 34, 24, 4, 10, 11, 71, 69, 14, 15, 70, 8, 69, 85, 86, 87, 22, 23, 24, 91, 26, 93, 52, 9, None, 25, 98, 71, 100, 50, 12, 37, 38, Deleted, 91, 20, 86, 67, 8, 45, Deleted, 25, 89, 49, 38, 12, 52, 2, 54, 13, 50, 57, 84, 59, None, 61, 42, 63, 75, None]
[98, 61, 2, 69, 4, 5, 6, 34, 24, 4, 10, 11, 71, 69, 14, 15, 70, 8, 69, 85, 86, 87, 22, 23, 24, 91, 26, 93, 52, 9, None, 25, 98, 71, 100, 50, 12, 37, 38, Deleted, 91, 20, 86, 67, 8, 45, Deleted, 25, 89, 49, 38, 12, 52, 2, 54, 13, 50, 57, 84, 59, None, 61, 42, 63, 75, 43]
[98, 61, 2, 69, 4, 5, 6, 34, 24, 4, 10, 11, 71, 69, 14, 15, 70, 8, 69, 85, 86, 87, 22, 23, Deleted, 91, 26, 93, 52, 9, None, 25, 98, 71, 100, 50, 12, 37, 38, Deleted, 91, 20, 86, 67, 8, 45, Deleted, 25, 89, 49, 38, 12, 52, 2, 54, 13, 50, 57, 84, 59, None, 61, 42, 63, 75, 43]
[98, 61, 2, 69, 4, 5, 6, 34, 24, 4, 10, 11, 71, 69, 14, 15, 70, 8, 69, 85, 86, 87, 22, 23, Deleted, 91, 26, 93, 52, 9, None, 25, 98, 71, 100, 50, 12, 37, 38, Deleted, 91, 20, 86, 67, 8, 45, Deleted, 25, 89, 49, 38, 12, 52, 2, Deleted, 13, 50, 57, 84, 59, None, 61, 42, 63, 75, 43]
21
47
[98, 61, 2, 69, 4, 5, 6, 34, 24, 4, 10, 11, 71, 69, 14, 15, 70, 8, 69, 85, 86, 87, 22, 23, Deleted, 91, 26, 93, 52, 9, None, 25, 98, 71, 100, 50, 12, 37, 38, Deleted, 91, 20, 86, 67, 8, 45, Deleted, 25, 89, 49, 38, 12, 52, 2, Deleted, 13, 50, 57, 84, 59, 60, 61, 42, 63, 75, 43]
41
[98, 61, 2, 69, 4, 5, 6, 34, 24, 4, 10, 11, 71, 69, 14, 15, 70, 8, 69, 85, 86, 87, 22, 23, Deleted, 91, 26, 93, 52, 9, None, 25, 98, 71, Deleted, 50, 12, 37, 38, Deleted, 91, 20, 86, 67, 8, 45, Deleted, 25, 89, 49, 38, 12, 52, 2, Deleted, 13, 50, 57, 84, 59, 60, 61, 42, 63, 75, 43]
[98, 61, Deleted, 69, 4, 5, 6, 34, 24, 4, 10, 11, 71, 69, 14, 15, 70, 8, 69, 85, 86, 87, 22, 23, Deleted, 91, 26, 93, 52, 9, None, 25, 98, 71, Deleted, 50, 12, 37, 38, Deleted, 91, 20, 86, 67, 8, 45, Deleted, 25, 89, 49, 38, 12, 52, 2, Deleted, 13, 50, 57, 84, 59, 60, 61, 42, 63, 75, 43]
[98, 61, Deleted, 69, 4, 5, 6, 34, 24, 4, 10, 11, 71, 69, 14, 15, 70, 8, 69, 85, 86, 87, 22, 23, Deleted, 91, 26, 93, 52, 9, None, 25, 98, 71, Deleted, 50, 12, 37, 38, Deleted, 91, 20, 86, 67, 8, 45, Deleted, 25, 89, 49, 38, 12, 52, 2, Deleted, 13, 50, 57, 84, 59, 60, 61, 42, 63, 75, 43]
[98, 61, Deleted, 69, 4, 5, 6, 34, 24, 4, 10, 11, 71, 69, 14, 15, 70, 8, 69, 85, 86, 87, 22, 23, Deleted, 91, 26, 93, 52, 9, None, 25, 98, 71, Deleted, 50, 12, 37, 38, 51, 91, 20, 86, 67, 8, 45, Deleted, 25, 89, 49, 38, 12, 52, 2, Deleted, 13, 50, 57, 84, 59, 60, 61, 42, 63, 75, 43]
55
[98, 61, Deleted, 69, 4, 5, 6, 34, 24, 4, 10, 11, 71, 69, 14, 15, 70, 8, 69, 85, 86, 87, 22, 23, Deleted, 91, 26, 93, 52, 9, None, 25, 98, 71, Deleted, 50, 12, 37, 38, 51, 91, 20, 86, 67, 8, 45, Deleted, 25, 89, 49, 38, 12, 52, 2, Deleted, Deleted, 50, 57, 84, 59, 60, 61, 42, 63, 75, 43]
[98, 61, Deleted, 69, 4, 5, 6, 34, 24, 4, 10, 11, 71, 69, 14, 15, 70, 8, 69, 85, 86, 87, 22, Deleted, Deleted, 91, 26, 93, 52, 9, None, 25, 98, 71, Deleted, 50, 12, 37, 38, 51, 91, 20, 86, 67, 8, 45, Deleted, 25, 89, 49, 38, 12, 52, 2, Deleted, Deleted, 50, 57, 84, 59, 60, 61, 42, 63, 75, 43]
[98, 61, Deleted, 69, 4, 5, 6, 34, 24, 4, 10, 11, 71, 69, 14, 15, 70, 8, 69, 85, 86, 87, 22, Deleted, Deleted, 91, 26, 93, 52, 9, None, 25, 98, 71, Deleted, 50, 12, 37, 38, 51, 91, 20, 86, 67, 8, 45, Deleted, 25, 89, 49, 38, 12, 52, 2, Deleted, Deleted, 50, 57, 84, 59, Deleted, 61, 42, 63, 75, 43]
[98, 61, Deleted, 69, 4, 5, 6, 34, 24, 4, 10, 11, 71, 69, 14, 15, 70, 8, 69, 85, 86, 87, 22, Deleted, Deleted, 91, 26, 93, 52, 9, 30, 25, 98, 71, Deleted, 50, 12, 37, 38, 51, 91, 20, 86, 67, 8, 45, Deleted, 25, 89, 49, 38, 12, 52, 2, Deleted, Deleted, 50, 57, 84, 59, Deleted, 61, 42, 63, 75, 43]
[98, 61, Deleted, 69, 4, 5, 6, 34, 24, 4, 10, 11, 71, 69, 14, 15, 70, 8, 69, Deleted, 86, 87, 22, Deleted, Deleted, 91, 26, 93, 52, 9, 30, 25, 98, 71, Deleted, 50, 12, 37, 38, 51, 91, 20, 86, 67, 8, 45, Deleted, 25, 89, 49, 38, 12, 52, 2, Deleted, Deleted, 50, 57, 84, 59, Deleted, 61, 42, 63, 75, 43]
10
64
None
None
[98, 61, Deleted, 69, 4, 5, 6, 34, 24, 4, 10, 11, 71, 69, 14, 15, 70, 8, 69, Deleted, 86, 87, Deleted, Deleted, Deleted, 91, 26, 93, 52, 9, 30, 25, 98, 71, Deleted, 50, 12, 37, 38, 51, 91, 20, 86, 67, 8, 45, Deleted, 25, 89, 49, 38, 12, 52, 2, Deleted, Deleted, 50, 57, 84, 59, Deleted, 61, 42, 63, 75, 43]
[98, 61, Deleted, 69, 4, 5, 6, 34, 24, 4, 10, 11, 71, 69, 14, 15, 70, 8, 69, Deleted, 86, 87, Deleted, Deleted, Deleted, 91, 26, 93, 52, 9, 30, 25, 98, 71, Deleted, 50, 12, 37, 38, 51, 91, 20, 86, 67, 8, 45, Deleted, 25, 89, 49, 38, 12, 52, 2, Deleted, Deleted, 50, Deleted, 84, 59, Deleted, 61, 42, 63, 75, 43]
[98, 61, Deleted, 69, 4, 5, 6, 34, 24, 4, 10, 11, 71, 69, 14, 15, 70, 8, 69, Deleted, 86, 87, Deleted, Deleted, Deleted, 91, 26, 93, 52, 9, 30, 25, 98, 71, Deleted, 50, 12, 37, 38, 51, 91, 20, 86, 67, 8, 45, Deleted, 25, 89, 49, 38, 12, 52, 2, Deleted, Deleted, 50, Deleted, 84, 59, Deleted, 61, 42, 63, 75, 43]
20
[98, 61, Deleted, 69, 4, 5, 6, 34, 24, 4, 10, 11, 71, 69, 14, 15, 70, 8, 69, Deleted, 86, 87, Deleted, 69, Deleted, 91, 26, 93, 52, 9, 30, 25, 98, 71, Deleted, 50, 12, 37, 38, 51, 91, 20, 86, 67, 8, 45, Deleted, 25, 89, 49, 38, 12, 52, 2, Deleted, Deleted, 50, Deleted, 84, 59, Deleted, 61, 42, 63, 75, 43]
[98, 61, Deleted, 69, 4, 5, 6, 34, 24, 4, 10, 11, 71, 69, 14, 15, 70, 8, 69, Deleted, 86, 87, Deleted, 69, Deleted, 91, 26, 93, 52, 9, 30, 25, 98, 71, Deleted, 50, 12, 37, 38, 51, 91, 20, 86, 67, 8, 45, Deleted, 25, 89, 49, 38, 12, 52, 2, Deleted, Deleted, 50, Deleted, 84, 59, Deleted, 61, 42, 63, Deleted, 43]
[98, 61, Deleted, 69, 4, 5, 6, 34, 24, 4, 10, 11, 71, 69, 14, 15, 70, 8, 69, Deleted, 86, 87, Deleted, 69, Deleted, 91, 26, 93, 52, 9, 30, 25, 98, 71, Deleted, 50, 12, 37, 38, 51, 91, 20, 86, 67, 8, 45, Deleted, 25, 89, 49, 38, 12, 52, 2, Deleted, Deleted, 50, Deleted, 84, Deleted, Deleted, 61, 42, 63, Deleted, 43]
[98, 61, Deleted, 69, 4, 5, 6, 34, 24, 4, 10, 11, 71, 69, 14, 15, 70, 8, 69, Deleted, 86, 87, Deleted, 69, Deleted, 91, 26, 93, 52, 9, 30, 25, 98, 71, Deleted, 50, 12, 37, 38, 51, 91, 20, 86, 67, 8, 45, 84, 25, 89, 49, 38, 12, 52, 2, Deleted, Deleted, 50, Deleted, 84, Deleted, Deleted, 61, 42, 63, Deleted, 43]
[98, 61, Deleted, 69, 4, 5, 6, 34, 24, 4, 10, 11, 71, 69, 14, 15, 70, 8, 69, Deleted, 86, 87, Deleted, 69, Deleted, 91, 26, 93, 52, 9, 30, 25, 98, 71, 100, 50, 12, 37, 38, 51, 91, 20, 86, 67, 8, 45, 84, 25, 89, 49, 38, 12, 52, 2, Deleted, Deleted, 50, Deleted, 84, Deleted, Deleted, 61, 42, 63, Deleted, 43]
[98, 61, Deleted, 69, 4, 5, 6, 34, 24, 4, 10, 11, 71, 69, 14, 15, 70, 8, 69, Deleted, 86, 87, Deleted, 69, Deleted, 91, 26, 93, 52, 9, 30, 25, 98, 71, 100, 50, 12, 37, 38, 51, 91, 20, 86, 67, 8, 45, 84, 25, 89, 49, 38, 12, 52, 2, Deleted, Deleted, 50, Deleted, 84, Deleted, Deleted, 61, 42, Deleted, Deleted, 43]
[98, 61, Deleted, 69, 4, 5, 6, 34, 24, 4, 10, 11, 71, 69, 14, 15, 70, 8, 69, Deleted, 86, 87, Deleted, 69, Deleted, 91, 26, 93, 52, 9, 30, 25, 98, 71, 100, 50, 12, 37, 38, 51, 91, 20, 86, 67, 8, 45, 84, 25, 89, 49, 38, 12, 52, 2, Deleted, Deleted, 50, Deleted, 84, 59, Deleted, 61, 42, Deleted, Deleted, 43]
[98, 61, Deleted, 69, 4, 5, 6, 34, 24, 4, 10, 11, 71, 69, 14, 15, 70, 8, 69, Deleted, 86, 87, Deleted, 69, Deleted, 91, 26, 93, 52, 9, 30, 25, 98, 71, 100, 50, 12, 37, 38, 51, 91, 20, 86, 67, 8, 45, 84, 25, 89, 49, 38, 12, 52, 2, Deleted, Deleted, 50, Deleted, Deleted, 59, Deleted, 61, 42, Deleted, Deleted, 43]
15
14
[98, 61, Deleted, 69, 4, 5, 6, 34, 24, 4, 10, 11, 71, 69, 14, 15, 70, 8, 69, Deleted, 86, 87, Deleted, 69, Deleted, 91, 26, 93, 52, 9, 30, 25, 98, 71, 100, 50, 12, 37, 38, 51, 91, 20, 86, 67, 8, 45, 84, 25, 89, 49, 38, 12, 52, 2, Deleted, Deleted, 50, 57, Deleted, 59, Deleted, 61, 42, Deleted, Deleted, 43]
[98, 61, Deleted, 69, 4, 5, 6, 34, 24, 4, 10, 11, 71, 69, 14, 15, 70, 8, 69, Deleted, 86, 87, Deleted, 69, Deleted, 91, 26, 93, 52, 9, 30, 25, 98, 71, 100, 50, 12, 37, 38, 51, 91, 20, 86, 67, 8, 45, 84, 25, 89, 49, 38, 12, 52, 2, Deleted, Deleted, 50, 57, Deleted, 59, Deleted, 61, 42, Deleted, Deleted, 43]
[98, 61, Deleted, 69, 4, 5, 6, 34, 24, 4, 10, 11, 71, 69, 14, 15, 70, 8, 69, Deleted, 86, 87, Deleted, 69, Deleted, 91, 26, 93, 52, 9, 30, 25, 98, 71, 100, 50, 12, 37, 38, 51, 91, 20, 86, 67, 8, 45, 84, 25, 89, 49, 38, 12, 52, 2, Deleted, Deleted, 50, 57, Deleted, Deleted, Deleted, 61, 42, Deleted, Deleted, 43]
[98, 61, Deleted, 69, 4, 5, 6, 34, 24, 4, 10, 11, 71, 69, 14, 15, 70, 8, 69, 49, 86, 87, Deleted, 69, Deleted, 91, 26, 93, 52, 9, 30, 25, 98, 71, 100, 50, 12, 37, 38, 51, 91, 20, 86, 67, 8, 45, 84, 25, 89, 49, 38, 12, 52, 2, Deleted, Deleted, 50, 57, Deleted, Deleted, Deleted, 61, 42, Deleted, Deleted, 43]
20
3
[98, 61, Deleted, 69, 4, 5, 6, 34, 24, 4, 10, 11, 71, 69, 14, 15, 70, 8, 69, 49, 86, 87, Deleted, 69, Deleted, 91, 26, 93, 52, Deleted, 30, 25, 98, 71, 100, 50, 12, 37, 38, 51, 91, 20, 86, 67, 8, 45, 84, 25, 89, 49, 38, 12, 52, 2, Deleted, Deleted, 50, 57, Deleted, Deleted, Deleted, 61, 42, Deleted, Deleted, 43]
[98, 61, Deleted, 69, 4, 5, 6, 34, 24, 4, Deleted, 11, 71, 69, 14, 15, 70, 8, 69, 49, 86, 87, Deleted, 69, Deleted, 91, 26, 93, 52, Deleted, 30, 25, 98, 71, 100, 50, 12, 37, 38, 51, 91, 20, 86, 67, 8, 45, 84, 25, 89, 49, 38, 12, 52, 2, Deleted, Deleted, 50, 57, Deleted, Deleted, Deleted, 61, 42, Deleted, Deleted, 43]
[98, 61, Deleted, 69, 4, 5, 6, 34, 24, 4, 70, 11, 71, 69, 14, 15, 70, 8, 69, 49, 86, 87, Deleted, 69, Deleted, 91, 26, 93, 52, Deleted, 30, 25, 98, 71, 100, 50, 12, 37, 38, 51, 91, 20, 86, 67, 8, 45, 84, 25, 89, 49, 38, 12, 52, 2, Deleted, Deleted, 50, 57, Deleted, Deleted, Deleted, 61, 42, Deleted, Deleted, 43]
65
4
37
51
[98, 61, Deleted, 69, 4, 5, 6, 34, 24, 4, 70, 11, 71, 69, 14, 15, 70, 8, 69, 49, 86, 87, Deleted, 69, Deleted, 91, 26, 93, 52, Deleted, 30, 25, 98, 71, 100, 50, 12, 37, 38, 51, 91, 20, 86, 67, 8, 45, 84, 25, 89, 49, 38, 12, 52, 2, Deleted, Deleted, 50, 57, Deleted, Deleted, 36, 61, 42, Deleted, Deleted, 43]
[98, 61, Deleted, 69, 4, 5, 6, 34, 24, 4, 70, 11, 71, 69, 14, 15, 70, 8, 69, 49, 86, 87, Deleted, 69, Deleted, 91, 26, 93, 52, Deleted, 30, 25, 98, 71, 100, 50, 12, 37, 38, 51, 91, 20, 86, 67, 8, 45, 84, 25, 89, 49, 38, 12, 52, 2, 78, Deleted, 50, 57, Deleted, Deleted, 36, 61, 42, Deleted, Deleted, 43]
65
[98, 61, Deleted, 69, 4, 5, 6, 34, 24, 4, 70, 11, 71, 69, 14, 15, 70, 8, 69, 49, 86, 87, Deleted, 69, Deleted, 91, 26, 93, 52, Deleted, Deleted, 25, 98, 71, 100, 50, 12, 37, 38, 51, 91, 20, 86, 67, 8, 45, 84, 25, 89, 49, 38, 12, 52, 2, 78, Deleted, 50, 57, Deleted, Deleted, 36, 61, 42, Deleted, Deleted, 43]
[98, 61, Deleted, 69, 4, 5, 6, 34, 24, 4, 70, 11, 71, 69, 14, 15, 70, 8, 69, 49, 86, 87, Deleted, 69, Deleted, 91, 26, 93, 52, Deleted, Deleted, 25, 98, 71, 100, 50, 12, 37, 38, 51, 91, 20, 86, 67, 8, 45, 84, 25, Deleted, 49, 38, 12, 52, 2, 78, Deleted, 50, 57, Deleted, Deleted, 36, 61, 42, Deleted, Deleted, 43]
None
