[42, 96, 86, 3, 67, 24, 27, 70, 50, 72, 10, 74, 53, 94, 26, 27, 2, 38, 60, 55, 83]
[42, 96, 86, 3, 67, 24, 27, 70, 50, 72, 10, 74, 53, 94, 26, 27, 2, Deleted, 60, 55, 83]
[42, 96, 86, 3, 67, 24, 27, 70, 50, 72, 10, 74, 53, 94, 26, 27, 2, 5, 60, 55, 83]
[42, 96, 86, 3, 67, 24, 27, 70, 50, 72, 10, 74, 53, 94, 26, 27, 2, 5, 60, Deleted, 83]
[42, 96, 86, 3, Deleted, 24, 27, 70, 50, 72, 10, 74, 53, 94, 26, 27, 2, 5, 60, Deleted, 83]
[42, 96, 86, 3, Deleted, 24, 27, 70, 50, 72, 10, 74, 53, 94, 26, 27, 2, 5, 60, Deleted, Deleted]
8
[42, 96, 86, Deleted, Deleted, 24, 27, 70, 50, 72, 10, 74, 53, 94, 26, 27, 2, 5, 60, Deleted, Deleted]
[42, 96, 86, Deleted, Deleted, 24, 27, 70, 50, 72, 10, 74, 53, 94, 26, 27, 2, 5, 60, 78, Deleted]
[42, 96, 86, Deleted, Deleted, 24, 27, 70, 50, 72, 10, 74, 53, 94, 26, 27, Deleted, 5, 60, 78, Deleted]
[42, 96, 86, Deleted, Deleted, 24, 27, 70, 50, 72, 10, 74, 53, 94, 26, 27, Deleted, 5, 60, Deleted, Deleted]
[42, 96, 86, Deleted, Deleted, 24, 27, 70, 50, 72, 10, 74, 53, 94, 26, 27, 13, 5, 60, Deleted, Deleted]
5
1
[42, 96, 86, Deleted, Deleted, 24, 27, 70, 50, 72, 10, 74, 53, 94, 26, 27, 13, 5, 60, 92, Deleted]
[42, 96, 86, Deleted, Deleted, 24, 27, 70, 50, 72, 10, 74, 53, 94, 26, 27, 13, 5, 60, 92, 36]
[42, 96, 86, Deleted, Deleted, 24, 27, 70, 50, 72, 10, 74, 53, 94, 26, 27, Deleted, 5, 60, 92, 36]
8
[Deleted, 96, 86, Deleted, Deleted, 24, 27, 70, 50, 72, 10, 74, 53, 94, 26, 27, Deleted, 5, 60, 92, 36]
9
[Deleted, 96, 86, Deleted, Deleted, 24, 27, 70, 50, 72, 10, 74, 53, 94, 26, 27, 98, 5, 60, 92, 36]
2
[Deleted, 96, 86, Deleted, Deleted, 24, 27, 70, 50, 72, 10, 74, Deleted, 94, 26, 27, 98, 5, 60, 92, 36]
[Deleted, 96, 86, Deleted, Deleted, 24, 27, 70, 50, 72, 10, 74, 68, 94, 26, 27, 98, 5, 60, 92, 36]
[21, 96, 86, Deleted, Deleted, 24, 27, 70, 50, 72, 10, 74, 68, 94, 26, 27, 98, 5, 60, 92, 36]
[21, 96, 86, Deleted, Deleted, 24, 27, 70, 50, 72, 10, 74, 68, 94, 26, 27, 98, 5, 60, 92, Deleted]
[21, 96, 86, 3, Deleted, 24, 27, 70, 50, 72, 10, 74, 68, 94, 26, 27, 98, 5, 60, 92, Deleted]
[21, 96, 86, 3, Deleted, 24, 27, 70, Deleted, 72, 10, 74, 68, 94, 26, 27, 98, 5, 60, 92, Deleted]
[21, 96, 86, 3, Deleted, 24, 27, 70, Deleted, 72, 10, 74, 68, 94, 26, 27, 98, 5, 60, 92, 58]
13
[21, 96, 86, 3, 88, 24, 27, 70, Deleted, 72, 10, 74, 68, 94, 26, 27, 98, 5, 60, 92, 58]
20
[21, 96, 86, 3, 88, 24, 27, 70, Deleted, 72, 10, 74, 68, 94, 26, 27, 98, 5, 60, Deleted, 58]
[21, Deleted, 86, 3, 88, 24, 27, 70, Deleted, 72, 10, 74, 68, 94, 26, 27, 98, 5, 60, Deleted, 58]
[21, Deleted, 86, 3, 88, 24, 27, Deleted, Deleted, 72, 10, 74, 68, 94, 26, 27, 98, 5, 60, Deleted, 58]
